 1 7 537 173 733 
 2 44 545 160 753 
 3 45 546 168 753 
 4 46 546 169 752 
 5 45 545 168 744 
 6 43 545 169 753 
 7 45 546 169 753 
 8 44 546 169 753 
 9 46 544 160 752 
 10 46 546 169 745 
 11 46 546 169 752 
 12 45 547 169 753 
 13 46 545 158 753 
 14 45 545 169 753 
 15 45 546 169 744 
 16 46 547 169 753 
 17 45 547 168 753 
 18 46 546 160 753 
 19 46 546 169 753 
 20 46 546 172 752 
 21 45 546 169 753 
 22 44 548 165 755 
 23 44 546 28 756 
 24 44 546 29 755 
 25 46 553 29 756 
 26 38 554 165 745 
 27 38 553 164 744 
 28 44 546 28 756 
 29 46 553 165 752 
 30 45 553 160 756 
 31 45 545 29 756 
 32 45 553 28 756 
 33 45 546 29 756 
 34 44 548 164 756 
 35 44 546 165 756 
 36 39 546 29 756 
 37 44 546 167 756 
 38 44 545 29 755 
 39 46 546 172 753 
 40 45 546 168 751 
 41 38 553 28 755 
 42 38 553 28 757 
 43 30 531 29 742 
 44 29 536 151 741 
 45 29 531 101 753 
 46 36 546 28 763 
 47 15 707 236 954 
 48 31 707 233 942 
 49 46 707 233 880 
 50 36 550 28 756 
 51 38 546 29 756 
 52 44 548 29 756 
 53 44 549 29 756 
 54 42 553 29 756 
 55 39 548 166 756 
 56 39 547 165 756 
 57 35 548 29 744 
 58 34 549 28 756 
 59 31 546 28 756 
 60 45 546 158 756 
 61 39 548 171 756 
 62 43 548 171 756 
 63 39 562 28 744 
 64 44 545 165 756 
 65 43 561 165 756 
 66 38 552 165 756 
 67 35 557 164 757 
 68 39 548 165 744 
 69 31 557 164 756 
 70 31 552 165 756 
 71 39 553 29 756 
 72 38 546 28 756 
 73 39 553 28 756 
 74 55 735 236 996 
 75 47 722 236 996 
 76 46 722 236 996 
 77 54 737 236 996 
 78 47 739 236 996 
 79 50 737 236 996 
 80 54 722 236 996 
 81 44 729 236 996 
 82 47 722 236 996 
 83 49 722 236 996 
 84 34 722 236 996 
 85 50 729 237 996 
 86 47 722 236 996 
 87 31 722 236 996 
 88 44 546 28 756 
 89 36 546 164 756 
 90 38 546 28 756 
 91 39 545 172 756 
 92 45 561 28 756 
 93 39 545 165 756 
 94 45 547 158 756 
 95 46 557 168 744 
 96 44 539 29 746 
 97 41 547 28 744 
 98 45 546 173 753 
 99 46 543 172 752 
 100 45 546 169 753 
 101 10 548 28 763 
 102 20 555 28 756 
 103 49 725 236 996 
 104 47 722 236 996 
 105 45 546 169 753 
 106 45 545 165 752 
 107 45 546 169 753 
 108 44 546 169 744 
 109 45 546 169 752 
 110 46 546 165 752 
 111 46 546 169 753 
 112 45 546 167 752 
 113 35 548 157 744 
 114 45 546 173 752 
 115 31 546 173 753 
 116 45 546 173 753 
 117 45 545 169 753 
 118 45 545 169 744 
 119 55 721 236 992 
 120 47 722 236 980 
 121 47 722 236 980 
 122 14 572 21 764 
 123 25 572 0 763 
 124 10 562 149 763 
 125 38 572 157 763 
 126 45 546 173 752 
 127 45 541 172 753 
 128 34 729 236 992 
 129 30 722 236 992 
 130 31 722 236 996 
 131 31 729 236 980 
 132 52 722 236 996 
 133 23 729 236 996 
 134 46 541 163 753 
 135 45 546 165 752 
 136 46 546 165 753 
 137 45 546 165 752 
 138 45 545 165 752 
 139 0 548 0 623 
 140 0 548 0 610 
 141 0 548 0 623 
 142 0 548 0 610 
 143 0 548 0 610 
 144 0 548 0 610 
 145 0 548 0 610 
 146 45 545 173 752 
 147 46 546 169 751 
 148 33 546 166 756 
 149 45 549 29 756 
 150 28 549 29 763 
 151 39 546 165 756 
 152 39 557 164 759 
 153 39 553 29 756 
 154 37 548 29 756 
 155 30 543 28 756 
 156 40 559 165 756 
 157 31 553 164 756 
 158 38 549 165 756 
 159 33 552 162 756 
 160 40 553 28 756 
 161 39 552 166 756 
 162 39 547 29 756 
 163 45 545 165 753 
 164 39 547 29 756 
 165 39 561 157 756 
 166 45 546 172 753 
 167 45 546 169 753 
 168 45 546 169 753 
 169 46 546 162 753 
 170 46 546 158 753 
 171 46 546 173 753 
 172 45 546 160 753 
 173 29 530 172 752 
 174 31 552 28 756 
 175 31 553 164 756 
 176 38 546 28 756 
 177 31 546 165 756 
 178 38 548 131 756 
 179 38 546 32 756 
 180 0 487 0 574 
 181 0 487 0 569 
 182 0 487 0 574 
 183 31 530 172 739 
 184 0 486 0 574 
 185 0 485 0 574 
 186 45 546 169 753 
 187 45 546 167 753 
 188 0 548 0 610 
 189 0 548 0 609 
 190 45 546 165 752 
 191 45 546 163 752 
 192 46 545 169 753 
 193 45 545 169 753 
 194 39 546 29 763 
 195 38 545 29 756 
 196 44 548 28 756 
 197 39 548 172 744 
 198 46 546 165 756 
 199 52 721 236 996 
 200 47 733 236 996 
 201 9 723 236 980 
 202 44 546 158 756 
 203 31 713 236 996 
 204 46 706 236 981 
 205 45 546 169 744 
 206 45 545 169 753 
 207 45 721 236 934 
 208 14 722 236 980 
 209 15 729 236 996 
 210 44 547 171 755 
 211 35 749 236 995 
 212 15 722 236 987 
 213 15 722 233 980 
 214 39 546 28 756 
 215 39 546 28 756 
 216 39 546 164 745 
 217 45 553 165 756 
 218 15 722 236 980 
 219 47 722 236 980 
 220 23 729 237 875 
 221 31 722 236 987 
 222 55 722 236 996 
 223 39 550 170 756 
 224 39 557 164 756 
 225 48 739 236 747 
 226 23 531 156 688 
 227 40 722 240 979 
 228 46 546 164 753 
 229 45 546 168 753 
 230 46 546 168 753 
 231 47 722 236 996 
 232 51 722 236 996 
 233 36 722 236 996 
 234 46 729 236 996 
 235 51 722 236 996 
 236 31 721 236 979 
 237 46 725 245 996 
 238 42 722 236 996 
 239 55 721 236 996 
 240 39 722 236 996 
 241 48 722 233 996 
 242 47 722 229 984 
 243 31 723 233 996 
 244 39 721 236 996 
 245 45 546 169 750 
 246 45 546 163 753 
 247 36 550 164 744 
 248 38 548 29 756 
 249 36 554 29 756 
 250 38 546 165 756 
 251 39 552 29 756 
 252 32 553 165 756 
 253 36 546 165 756 
 254 35 552 164 756 
 255 36 560 28 756 
 256 36 552 165 756 
 257 32 547 29 756 
 258 31 551 28 755 
 259 45 546 173 753 
 260 46 546 169 753 
 261 45 542 169 753 
 262 46 545 169 752 
 263 46 544 157 744 
 264 45 546 168 752 
 265 45 546 168 744 
 266 45 546 140 753 
 267 46 545 169 744 
 268 45 545 168 753 
 269 29 530 165 753 
 270 38 549 29 744 
 271 39 546 165 756 
 272 38 548 164 755 
 273 7 729 236 996 
 274 47 737 236 980 
 275 52 738 236 996 
 276 51 738 236 979 
 277 23 722 236 993 
 278 43 722 236 980 
 279 12 722 236 996 
 280 47 721 236 996 
 281 39 722 236 996 
 282 31 722 236 996 
 283 38 729 236 996 
 284 39 722 236 980 
 285 39 729 237 995 
 286 14 729 236 980 
 287 55 720 236 980 
 288 31 722 233 996 
 289 15 725 236 936 
 290 35 729 236 995 
 291 34 722 233 996 
 292 0 488 0 571 
 293 0 488 0 573 
 294 0 488 0 573 
 295 29 532 164 742 
 296 23 530 28 756 
 297 40 549 28 756 
 298 37 546 28 756 
 299 30 546 164 756 
 300 15 533 28 757 
 301 47 729 236 980 
 302 62 722 236 993 
 303 39 729 233 980 
 304 46 723 236 980 
 305 47 729 236 996 
 306 47 729 236 996 
 307 54 729 236 980 
 308 47 723 236 980 
 309 31 729 237 996 
 310 55 722 236 996 
 311 55 722 236 996 
 312 46 722 236 980 
 313 47 722 236 996 
 314 47 722 236 980 
 315 46 722 237 980 
 316 47 737 236 993 
 317 47 722 236 980 
 318 55 729 236 980 
 319 11 722 236 995 
 320 55 722 236 991 
 321 47 723 236 996 
 322 23 729 236 992 
 323 47 729 236 990 
 324 55 721 236 980 
 325 47 725 236 980 
 326 47 722 236 980 
 327 47 723 236 980 
 328 31 729 236 990 
 329 23 544 38 692 
 330 47 722 236 996 
 331 35 734 230 1019 
 332 29 534 40 698 
 333 29 538 39 703 
 334 23 537 37 707 
 335 29 531 29 749 
 336 38 545 29 756 
 337 31 553 172 757 
 338 31 546 165 756 
 339 38 547 123 756 
 340 39 548 29 756 
 341 38 548 165 756 
 342 23 549 29 756 
 343 31 548 29 763 
 344 40 546 165 756 
 345 37 546 165 756 
 346 36 553 28 756 
 347 38 546 165 763 
 348 38 548 165 756 
 349 39 553 29 756 
 350 44 554 29 756 
 351 39 546 35 756 
 352 35 546 29 756 
 353 44 544 29 744 
 354 40 546 28 756 
 355 38 553 28 756 
 356 36 546 29 756 
 357 39 546 45 689 
 358 37 554 165 756 
 359 38 546 29 756 
 360 31 546 29 756 
 361 45 546 169 753 
 362 46 546 28 753 
 363 45 546 169 753 
 364 37 555 28 756 
 365 36 564 122 756 
 366 32 547 29 756 
 367 31 552 29 755 
 368 31 546 28 755 
 369 37 546 28 755 
 370 30 532 165 753 
 371 29 533 28 750 
 372 29 531 163 745 
 373 29 531 160 753 
 374 29 545 37 686 
 375 23 537 39 688 
 376 0 485 0 574 
 377 34 547 28 756 
 378 36 551 28 755 
 379 28 547 28 755 
 380 31 713 233 763 
 381 46 546 169 753 
 382 46 546 169 753 
 383 46 546 160 752 
 384 45 546 169 753 
 385 45 545 169 753 
 386 45 546 172 753 
 387 46 546 172 753 
 388 45 546 169 753 
 389 45 546 29 756 
 390 45 561 33 756 
 391 45 561 164 756 
 392 45 546 160 752 
 393 45 546 169 753 
 394 45 546 168 753 
 395 45 546 169 744 
 396 45 545 29 753 
 397 45 546 154 752 
 398 39 546 168 752 
 399 45 546 28 753 
 400 45 546 169 753 
 401 45 546 169 744 
 402 45 546 169 752 
 403 45 546 164 753 
 404 38 546 28 756 
 405 44 553 29 751 
 406 39 546 164 756 
 407 40 553 165 744 
 408 39 545 168 756 
 409 31 548 28 756 
 410 38 545 164 754 
 411 36 547 165 756 
 412 46 546 123 756 
 413 38 547 164 756 
 414 39 549 120 755 
 415 45 549 158 756 
 416 30 537 157 755 
 417 0 548 0 616 
 418 38 546 172 756 
 419 39 546 157 756 
 420 44 546 173 756 
 421 35 561 164 755 
 422 36 546 28 756 
 423 37 553 157 756 
 424 40 548 29 756 
 425 38 548 158 756 
 426 28 553 149 756 
 427 32 547 29 756 
 428 29 1058 684 1873 
 429 29 1059 684 1873 
 430 32 723 236 996 
 431 45 546 169 752 
 432 45 546 169 752 
 433 24 722 236 979 
 434 32 553 37 689 
 435 31 534 40 568 
 436 50 723 236 996 
 437 47 722 233 996 
 438 31 729 236 996 
 439 50 753 236 996 
 440 43 722 236 996 
 441 48 729 236 980 
 442 49 721 236 996 
 443 47 729 236 996 
 444 39 725 236 996 
 445 46 545 165 752 
 446 45 546 169 753 
 447 44 547 140 756 
 448 39 546 164 745 
 449 38 546 29 744 
 450 31 561 164 744 
 451 31 546 171 755 
 452 38 546 171 755 
 453 39 548 164 681 
 454 31 546 28 744 
 455 38 544 28 756 
 456 45 553 165 757 
 457 36 546 171 756 
 458 39 546 164 756 
 459 38 545 29 745 
 460 34 546 165 756 
 461 36 553 37 756 
 462 39 549 164 756 
 463 31 545 29 756 
 464 31 545 165 756 
 465 29 531 156 741 
 466 46 546 173 752 
 467 45 546 169 753 
 468 45 546 173 753 
 469 29 531 29 753 
 470 29 533 170 742 
 471 30 532 29 741 
 472 37 546 172 756 
 473 39 546 28 756 
 474 39 546 28 756 
 475 39 549 157 756 
 476 39 549 157 756 
 477 0 548 248 610 
 478 46 544 169 752 
 479 35 547 158 756 
 480 38 553 165 755 
 481 40 546 29 756 
 482 43 548 158 756 
 483 36 545 140 756 
 484 48 733 229 980 
 485 15 722 236 996 
 486 38 546 29 756 
 487 53 722 236 980 
 488 51 737 236 979 
 489 6 729 236 980 
 490 35 555 166 756 
 491 36 553 172 756 
 492 38 546 28 756 
 493 36 550 172 756 
 494 39 549 172 756 
 495 38 551 166 756 
 496 32 552 173 756 
 497 38 546 28 756 
 498 46 547 169 752 
 499 45 546 169 752 
 500 45 547 158 753 
 501 45 547 169 753 
 502 45 546 169 753 
 503 45 706 236 980 
 504 36 546 164 756 
 505 45 548 36 756 
 506 43 546 28 756 
 507 39 546 28 756 
 508 39 548 28 756 
 509 39 550 28 756 
 510 38 553 29 756 
 511 39 546 29 756 
 512 38 549 29 756 
 513 46 546 29 756 
 514 38 546 158 756 
 515 41 546 29 747 
 516 39 545 164 756 
 517 36 546 158 756 
 518 45 545 169 753 
 519 45 546 165 753 
 520 45 547 173 752 
 521 45 546 172 753 
 522 50 722 236 996 
 523 47 723 236 996 
 524 45 732 236 996 
 525 47 754 236 996 
 526 54 725 236 996 
 527 47 722 236 996 
 528 31 553 158 756 
 529 29 530 168 753 
 530 45 546 165 752 
 531 45 546 169 752 
 532 45 546 169 753 
 533 46 546 165 756 
 534 27 553 165 756 
 535 43 553 28 756 
 536 39 548 29 756 
 537 15 722 236 980 
 538 31 725 236 995 
 539 43 544 172 746 
